{
  "0": {
    "precision": 0.5211926988992616,
    "recall": 0.5002407189472559,
    "f1-score": 0.5105018219535163,
    "support": 37388
  },
  "1": {
    "precision": 0.7921556413308268,
    "recall": 0.8056246888999502,
    "f1-score": 0.7988333940940575,
    "support": 88396
  },
  "accuracy": 0.714852445462062,
  "macro avg": {
    "precision": 0.6566741701150443,
    "recall": 0.652932703923603,
    "f1-score": 0.654667608023787,
    "support": 125784
  },
  "weighted avg": {
    "precision": 0.7116146942180672,
    "recall": 0.714852445462062,
    "f1-score": 0.7131298004796826,
    "support": 125784
  }
}