{
  "0": {
    "precision": 0.6291702840133945,
    "recall": 0.27137049320637635,
    "f1-score": 0.37919049220764656,
    "support": 37388
  },
  "1": {
    "precision": 0.7515730726440387,
    "recall": 0.9323498800850717,
    "f1-score": 0.8322578690660123,
    "support": 88396
  },
  "accuracy": 0.7358805571455829,
  "macro avg": {
    "precision": 0.6903716783287166,
    "recall": 0.601860186645724,
    "f1-score": 0.6057241806368294,
    "support": 125784
  },
  "weighted avg": {
    "precision": 0.7151901029394458,
    "recall": 0.7358805571455829,
    "f1-score": 0.6975882522150569,
    "support": 125784
  }
}