{
  "0": {
    "precision": 0.5175774357303797,
    "recall": 0.5099497164865733,
    "f1-score": 0.5137352643987876,
    "support": 37388
  },
  "1": {
    "precision": 0.7940121645474271,
    "recall": 0.7989614914702022,
    "f1-score": 0.7964791392950384,
    "support": 88396
  },
  "accuracy": 0.7130557145582904,
  "macro avg": {
    "precision": 0.6557948001389033,
    "recall": 0.6544556039783878,
    "f1-score": 0.6551072018469131,
    "support": 125784
  },
  "weighted avg": {
    "precision": 0.7118447852224591,
    "recall": 0.7130557145582904,
    "f1-score": 0.7124364312032221,
    "support": 125784
  }
}