{
  "0": {
    "precision": 0.5177551797270107,
    "recall": 0.5093077992938911,
    "f1-score": 0.513496750532589,
    "support": 37388
  },
  "1": {
    "precision": 0.7938790643327416,
    "recall": 0.799357436988099,
    "f1-score": 0.7966088319184677,
    "support": 88396
  },
  "accuracy": 0.7131431660624563,
  "macro avg": {
    "precision": 0.6558171220298761,
    "recall": 0.6543326181409951,
    "f1-score": 0.6550527912255284,
    "support": 125784
  },
  "weighted avg": {
    "precision": 0.7118040802517848,
    "recall": 0.7131431660624563,
    "f1-score": 0.7124566782355252,
    "support": 125784
  }
}