{
  "0": {
    "precision": 0.6414210025811711,
    "recall": 0.25256766877072856,
    "f1-score": 0.3624256380733064,
    "support": 37388
  },
  "1": {
    "precision": 0.7483837856332499,
    "recall": 0.9402801031720892,
    "f1-score": 0.8334285914829187,
    "support": 88396
  },
  "accuracy": 0.7358646568720982,
  "macro avg": {
    "precision": 0.6949023941072106,
    "recall": 0.5964238859714088,
    "f1-score": 0.5979271147781126,
    "support": 125784
  },
  "weighted avg": {
    "precision": 0.7165901987481841,
    "recall": 0.7358646568720982,
    "f1-score": 0.6934278090139355,
    "support": 125784
  }
}