{
  "0": {
    "precision": 0.6423045602605864,
    "recall": 0.2531560928640205,
    "f1-score": 0.36317243496278107,
    "support": 37388
  },
  "1": {
    "precision": 0.7485501765002521,
    "recall": 0.9403706050047513,
    "f1-score": 0.8335673171416538,
    "support": 88396
  },
  "accuracy": 0.7361031609743688,
  "macro avg": {
    "precision": 0.6954273683804193,
    "recall": 0.596763348934386,
    "f1-score": 0.5983698760522174,
    "support": 125784
  },
  "weighted avg": {
    "precision": 0.716969760072339,
    "recall": 0.7361031609743688,
    "f1-score": 0.6937472775904892,
    "support": 125784
  }
}